!
!
!
!
!
!
2.075	226.0858565	128.0974648
2.125	189.2397893	128.6606414
2.175	23.28271388	122.9017431
2.225	278.9886579	121.7124274
2.275	208.6903438	115.2129782
2.325	346.1594371	107.1551687
2.375	122.2581361	106.2097076
2.425	142.3807215	105.9772675
2.475	72.22535445	103.5300642
2.525	24.83812792	101.168358
2.575	252.519482	97.85585694
2.625	206.5140776	96.84920254
2.675	68.88731089	94.58863195
2.725	150.2532948	91.91740887
2.775	102.0399051	92.90524088
2.825	174.5049388	91.85217782
2.875	237.8484605	87.22669406
2.925	156.717768	91.41813908
2.975	119.4392676	87.97349982
3.025	131.1433656	88.85748242
3.075	218.6227243	86.00357241
3.125	219.584036	80.75775831
3.175	183.6552129	81.37274217
3.225	248.7496697	80.74178374
3.275	249.5191056	80.85546045
3.325	190.6426114	81.48330362
3.375	327.2551768	81.31080476
3.425	377.9633667	80.44473454
3.475	163.2613865	75.68899622
3.525	257.8126251	79.18625067
3.575	345.0099566	76.32432839
3.625	496.1474269	77.24643809
3.675	299.4942134	78.43760521
3.725	321.8528549	73.08859267
3.775	390.2193821	78.67483487
3.825	466.8570402	77.40162902
3.875	429.1785114	76.5084295
3.925	364.1428112	76.80692783
3.975	481.6431711	77.31967422
4.025	532.8771977	77.27985587
4.075	518.7563204	73.90727392
4.125	595.8223907	75.92405775
4.175	563.2631343	76.70587592
4.225	600.1420425	74.26985055
4.275	754.169236	80.88687797
4.325	683.6554628	76.80805023
4.375	827.6865079	78.76673459
4.425	791.8184862	79.57406693
4.475	875.4539193	79.79948772
4.525	855.1019229	80.01861725
4.575	995.0109964	82.6507371
4.625	1060.297257	62.81846301
4.675	1161.658176	60.01547693
4.725	1159.603399	61.49689657
4.775	1270.190541	61.74162729
4.825	1312.965043	63.00078339
4.875	1371.442318	62.77686497
4.925	1447.226337	62.11292449
4.975	1663.653929	62.73996627
5.025	1773.476026	64.39902005
5.075	1867.312495	66.5546701
5.125	1947.279899	67.0155506
5.175	2288.057306	68.83817489
5.225	2201.911953	68.67142429
5.275	2449.844163	71.27159097
5.325	2849.883049	74.03518298
5.375	2849.509818	73.98812406
5.425	3117.502301	76.19718251
5.475	3226.907027	76.60923696
5.525	3650.525291	82.37691976
5.575	3665.057899	81.6447074
5.625	3741.150048	81.25806134
5.675	3763.112628	80.89682754
5.725	3546.077619	79.28724941
5.775	3174.708865	74.41898911
5.825	3024.826662	74.9453343
5.875	2598.197273	69.49200908
5.925	2264.227288	65.35059639
5.975	1949.751764	62.20085041
6.025	1597.824362	58.65508318
6.075	1367.592978	54.23909721
6.125	1160.675153	51.94619446
6.175	951.4116489	50.05952352
6.225	836.3868188	47.2892382
6.275	778.601829	46.26006005
6.325	639.1313391	44.01818286
6.375	558.9540229	41.40846489
6.425	449.6112849	41.1724174
6.475	448.2211876	41.05687404
6.525	403.6234026	38.81819793
6.575	356.5104643	39.58047833
6.625	378.7416401	38.10039706
6.675	331.9933426	37.04798945
6.725	340.8096651	36.69247695
6.775	259.1742396	35.1661736
6.825	264.6092137	35.01525488
6.875	342.3628539	35.4576644
6.925	195.4859053	33.55061745
6.975	274.1382644	33.24164703
7.025	256.1473867	33.00912465
7.075	174.7484652	33.34966278
7.125	224.0448145	32.46884748
7.175	221.4157124	32.16434156
7.225	160.4188238	32.16913594
7.275	248.2395895	28.65785265
7.325	168.6849317	28.19162498
7.375	202.2316627	26.60613346
7.425	250.0391188	27.50791704
7.475	196.8706469	25.91904928
7.525	198.4237489	26.46301324
7.575	165.9034279	25.04237338
7.625	202.2034584	25.58016924
7.675	195.0979981	25.12109861
7.725	192.1938272	25.38391294
7.775	192.8257017	25.10566382
7.825	160.2767144	24.87715578
7.875	123.1252408	23.68643933
7.925	186.7967874	24.17514976
7.975	179.3925047	23.88520804
8.025	169.500973	23.96192867
8.075	119.8217091	28.72603276
8.125	139.693105	29.09921053
8.175	154.3396223	27.92911858
8.225	185.1020127	28.80794483
8.275	211.9572798	28.72283053
8.325	187.6285128	27.6849035
8.375	143.2472613	27.59899065
8.425	147.3536793	28.16226034
8.475	153.7940672	26.7352516
8.525	207.9106985	27.4324537
8.575	153.8162266	26.88628176
8.625	150.1238494	27.63318953
8.675	172.1234723	25.33673829
8.725	159.5747107	26.35173575
8.775	158.3043491	25.63368133
8.825	149.317665	25.6164994
8.875	206.5599948	24.60343599
8.925	149.167757	25.34173951
8.975	129.6065777	26.79226608
9.025	191.8439882	25.28422656
9.075	168.7262577	24.42274987
9.125	130.3233018	25.5662374
9.175	151.9923408	25.36670545
9.225	161.4153864	24.69173392
9.275	171.4837155	25.48916592
9.325	157.2981775	24.87312338
9.375	143.8537461	24.99005748
9.425	136.0447235	24.33511707
9.475	87.21281717	24.82128038
9.525	177.5263895	25.02115457
9.575	188.0577906	23.58923431
9.625	163.2659579	23.4466571
9.675	163.5356082	23.96355082
9.725	176.0101839	24.31078984
9.775	148.5807725	24.41850993
9.825	181.6151589	24.9942902
9.875	146.1250104	23.79621695
9.925	196.1558358	23.52385192
9.975	133.1249844	23.93136636
10.025	187.8082671	21.03523525
10.075	172.8821377	20.87172487
10.125	156.733003	20.97940087
10.175	152.5932667	20.68030553
10.225	193.3418902	20.78446991
10.275	162.9312409	20.05019531
10.325	162.9800983	20.16880839
10.375	213.1454267	19.40311082
10.425	176.7144887	19.48760276
10.475	175.1471033	19.6624453
10.525	183.3437975	19.52613238
10.575	179.6654309	19.61769518
10.625	136.798153	19.31798047
10.675	122.5610638	23.52184245
10.725	162.0651367	23.84628724
10.775	168.659243	23.94429938
10.825	162.0976188	23.90753952
10.875	150.5872717	23.81083299
10.925	181.1892258	23.69633228
10.975	161.4632733	23.58094309
11.025	155.382064	22.5318095
11.075	174.0497837	21.62556589
11.125	164.8953188	24.23684406
11.175	176.8201496	22.84211039
11.225	122.2329833	22.72685505
11.275	130.9786531	21.96207289
11.325	189.3897091	22.59984321
11.375	169.7009298	22.05335633
11.425	182.6109662	21.74410097
11.475	135.6479706	22.21591437
11.525	174.2946495	21.2329514
11.575	154.9419401	21.44994556
11.625	155.4807011	20.48385
11.675	148.511201	21.19379661
11.725	155.409835	21.49037239
11.775	156.5585949	22.03497215
11.825	166.2871323	21.10292232
11.875	190.0792213	21.99508285
11.925	146.0463994	21.83664433
11.975	201.600727	22.03639715
12.025	219.2110143	20.10580838
12.075	177.5033638	20.92838007
12.125	217.0354787	22.02714251
12.175	163.2792584	21.44364419
12.225	176.9105501	20.94760053
12.275	201.0725481	21.15135093
12.325	174.6172912	20.87206382
12.375	134.6064577	20.06044446
12.425	175.8611167	21.51224423
12.475	181.204987	21.22496977
12.525	154.2410462	21.23229778
12.575	159.2850006	20.3004566
12.625	178.7389027	20.74592247
12.675	180.1520609	19.87210312
12.725	176.0612226	19.73094319
12.775	176.5811684	18.29934838
12.825	186.7472232	17.59836044
12.875	170.3146489	17.8136807
12.925	166.7384164	17.4752546
12.975	182.3046364	17.92901298
13.025	181.8077573	16.90922582
13.075	188.4566237	16.65925831
13.125	186.9367946	17.03214005
13.175	199.8774289	16.62765863
13.225	153.5175647	17.31671401
13.275	173.6059673	16.77763611
13.325	238.6972986	21.20533041
13.375	153.6041509	20.7007312
13.425	160.3030882	20.67417313
13.475	223.6414192	19.54985743
13.525	169.1078316	20.73458364
13.575	192.9812016	20.34970041
13.625	165.069669	20.40547242
13.675	188.7336409	20.10777497
13.725	165.846824	20.56711543
13.775	183.7856711	19.28657906
13.825	168.9294517	19.16592499
13.875	199.4991674	19.79011932
13.925	185.8459165	19.64207899
13.975	196.8389408	18.99938558
14.025	177.4149539	19.73663391
14.075	139.4332836	18.78941505
14.125	188.1938511	18.78585353
14.175	167.071025	20.43043434
14.225	160.9547453	19.39906894
14.275	192.3255878	19.48046728
14.325	160.9245594	19.88141735
14.375	226.1926885	18.89678956
14.425	191.6919637	18.38295569
14.475	177.113861	19.63505522
14.525	157.6096735	19.78968752
14.575	176.854191	19.07080158
14.625	188.0667013	19.01563359
14.675	186.5952733	18.67517736
14.725	184.0842278	18.68823411
14.775	180.2157771	18.63259549
14.825	163.7786149	18.91560297
14.875	161.4230619	18.5666084
14.925	183.6479691	17.93420678
14.975	189.0274682	19.51018921
15.025	187.510822	18.11531765
15.075	212.081009	18.58003413
15.125	203.681313	18.93027136
15.175	193.774533	18.48717749
15.225	196.7910187	19.13543048
15.275	189.1006933	18.54252931
15.325	205.6038116	17.97001842
15.375	162.5468416	18.46366364
15.425	181.9970954	18.55796315
15.475	200.1215709	16.23316885
15.525	177.3984262	16.44059893
15.575	153.5494405	16.27798436
15.625	215.7046581	16.77149279
15.675	190.3484516	15.5190608
15.725	158.7610511	16.39673207
15.775	180.4125511	16.03215593
15.825	168.6261274	15.72103111
15.875	178.256266	15.80800467
15.925	194.6726493	15.58738134
15.975	195.9820634	15.5108371
16.025	203.7619728	15.48358263
16.075	160.3392372	19.64256655
16.125	179.0112437	18.65747384
16.175	160.624874	19.29512598
16.225	204.8034221	20.12431931
16.275	154.5327357	19.87453559
16.325	160.1676855	19.03129992
16.375	172.0303808	20.11457828
16.425	197.4731089	19.39265323
16.475	182.640459	19.01485906
16.525	155.4161058	19.66237182
16.575	180.2419305	17.7084882
16.625	174.2265309	18.81279229
16.675	224.6137157	19.41227529
16.725	184.8186782	18.44022508
16.775	194.9544454	18.57417124
16.825	182.6607957	19.17824574
16.875	177.1775488	18.77719732
16.925	156.8669719	19.11460345
16.975	167.0967047	18.52495354
17.025	169.7802128	18.77202771
17.075	177.6144806	19.28240703
17.125	191.2127321	18.2170097
17.175	205.0569959	18.86896419
17.225	199.8788915	18.35154066
17.275	179.8434362	19.0819093
17.325	187.8504188	18.65882334
17.375	181.7473452	18.21855158
17.425	182.1451698	19.00540254
17.475	155.1766362	16.85487361
17.525	169.0090179	17.94570168
17.575	189.8969185	17.54667763
17.625	186.2325971	18.14712835
17.675	192.2441642	18.30924598
17.725	168.4613726	17.91480778
17.775	177.263787	16.80928707
17.825	181.1458049	17.96054475
17.875	180.5835847	18.02108331
17.925	175.4307972	17.63759386
17.975	170.3082669	18.11523693
18.025	194.2351368	17.62592907
18.075	157.080353	18.24008468
18.125	180.5243146	16.07717032
18.175	179.2591897	15.79857242
18.225	201.9718197	15.74493613
18.275	170.4094497	15.6302816
18.325	184.512584	15.28059132
18.375	185.3085021	15.20585475
18.425	168.3235145	15.21717116
18.475	194.1493445	15.91792694
18.525	190.5249574	15.09288957
18.575	178.2423764	14.73343719
18.625	183.2114571	14.56217409
18.675	179.6263886	15.38862422
18.725	197.8997197	15.12448037
18.775	177.2405937	14.97547887
18.825	192.778499	19.45419819
18.875	214.6599468	18.72790926
18.925	195.523175	18.93846519
18.975	148.562645	20.40407181
19.025	157.0987993	19.33452744
19.075	169.7701165	19.76377944
19.125	202.2691016	18.81643249
19.175	153.4580772	19.14325479
19.225	200.8355178	19.0104313
19.275	188.0530875	19.51424717
19.325	223.0636215	18.49436394
19.375	191.3682459	19.65935464
19.425	181.8212243	18.96504023
19.475	151.1523426	19.03493037
19.525	198.5845111	20.35403747
19.575	168.5679342	18.57424913
19.625	196.8039175	19.88771136
19.675	210.8783053	18.59354269
19.725	162.3344915	18.68704452
19.775	214.5802152	19.30038689
19.825	180.6307704	19.72939571
19.875	167.8911693	20.0738323
19.925	191.3022031	18.13415053
19.975	170.1517223	18.82374537
20.025	184.9736783	19.276694
20.075	181.0915553	18.15141654
20.125	196.9230762	18.51806307
20.175	194.9619455	18.78067426
20.225	182.380747	18.83173512
20.275	185.3761199	18.11492786
20.325	213.0122695	18.36924388
20.375	171.9419661	19.55302808
20.425	181.385551	18.25395423
20.475	210.8155526	18.34852697
20.525	182.4279457	18.49695767
20.575	193.7958077	19.52681575
20.625	181.53684	18.59861803
20.675	191.9178077	18.97703778
20.725	175.6218699	17.92099253
20.775	179.2050636	18.15527826
20.825	165.4904079	16.05886409
20.875	196.1180332	15.05519474
20.925	195.4119435	15.53147726
20.975	216.2427314	15.74946998
21.025	161.0454015	15.59121507
21.075	183.5148569	15.3459124
21.125	177.4122647	16.0656276
21.175	194.3125236	15.51999996
21.225	177.701454	14.83068499
21.275	174.3314796	15.21157417
21.325	208.6065734	15.61927442
21.375	175.7283332	15.04864192
21.425	184.5330915	15.13549504
21.475	172.3013313	15.25229079
21.525	209.39983	19.0464542
21.575	174.974463	19.2873439
21.625	199.959741	18.89186807
21.675	155.1213315	19.67958047
21.725	171.7839926	19.33795718
21.775	171.6474087	19.20746032
21.825	200.3274372	18.89849373
21.875	174.7393753	19.44153704
21.925	179.5718063	18.87000656
21.975	198.9747672	19.34020264
22.025	192.9700892	18.75666866
22.075	180.5860981	18.18751677
22.125	175.8080344	19.13809639
22.175	164.0793022	18.02892973
22.225	204.2324487	19.72861298
22.275	217.2617757	18.71533693
22.325	187.6139557	18.16274857
22.375	186.1771488	18.8587228
22.425	147.138031	19.02652378
22.475	212.5409674	19.11274984
22.525	177.378306	19.15244565
22.575	178.9059414	19.0638369
22.625	172.6771058	18.14952535
22.675	192.9423865	19.76710873
22.725	138.2668097	19.65964562
22.775	165.7995824	18.67557783
22.825	221.9975817	19.45361679
22.875	221.6222899	19.83675132
22.925	168.8277314	20.17877232
22.975	144.5012554	19.61508562
23.025	209.5347848	18.31197935
23.075	193.417184	18.71466967
23.125	200.87895	19.34610698
23.175	182.3258415	18.80161923
23.225	142.7587535	18.15738413
23.275	175.3529842	18.21091969
23.325	183.8883546	18.9016859
23.375	187.7600776	18.61276939
23.425	164.7026244	18.07492241
23.475	174.1465142	18.01480078
23.525	167.0243396	17.9284714
23.575	192.1991088	16.30913743
23.625	185.5083618	14.87372325
23.675	186.7350078	16.39889503
23.725	181.7548452	15.46458193
23.775	171.2817446	15.21901564
23.825	189.1498299	15.6207267
23.875	171.568608	16.2085171
23.925	177.6237704	15.11176348
23.975	168.1582062	15.18483429
24.025	183.0000992	15.61017819
24.075	178.5312129	14.96166349
24.125	203.6658094	14.24574336
24.175	174.2132568	20.0634205
24.225	195.8503243	19.19622087
24.275	210.101028	18.13216458
24.325	224.0038971	19.12612584
24.375	165.8888421	19.45181624
24.425	167.2176521	19.52969936
24.475	191.6468984	18.81039987
24.525	184.8971523	19.48605699
24.575	183.0127672	19.11593656
24.625	179.7564263	18.76611222
24.675	200.4488208	18.75831013
24.725	189.7190075	18.5604467
24.775	172.0127372	18.2541022
24.825	187.12514	18.76310313
24.875	203.7792043	19.78389468
24.925	210.9554385	18.18303158
24.975	230.9108042	19.19971664
25.025	188.8961278	18.4904408
25.075	187.9629842	18.93818672
25.125	184.9799441	17.90966095
25.175	176.0950004	18.71300971
25.225	185.5730227	18.38529412
25.275	145.0274262	18.24442779
25.325	191.0423611	19.26353055
25.375	189.7454324	18.25748185
25.425	191.8100102	19.79129243
25.475	166.652646	17.54831796
25.525	175.5834234	17.58429188
25.575	190.5894575	18.33798818
25.625	185.9828998	17.27759417
25.675	159.7389667	18.77856926
25.725	159.3072237	18.86196807
25.775	170.5000492	17.5800586
25.825	188.4702147	18.8977993
25.875	190.9443867	19.49421183
25.925	182.3907319	18.33848841
25.975	172.2905227	17.76643293
26.025	184.0623167	19.06972642
26.075	207.0217842	18.60270001
26.125	179.1916585	18.44112982
26.175	190.9022364	18.32616811
26.225	182.2493698	15.82086622
26.275	180.4137912	15.25341992
26.325	146.7610605	15.08537956
26.375	180.6289178	15.14918205
26.425	166.4041469	15.40516455
26.475	179.5337797	15.3378531
26.525	203.5583036	14.98118848
26.575	179.8198217	15.48182666
26.625	167.6695846	14.80660775
26.675	179.1947499	15.25822766
26.725	185.5551897	15.73362653
26.775	182.3916767	15.25428922
26.825	177.6699405	14.97641698
26.875	169.4530137	18.88804864
26.925	179.9654464	19.03994561
26.975	157.9435036	18.94441926
27.025	179.4601208	17.95173888
27.075	147.5098887	18.63766287
27.125	163.620815	18.35874133
27.175	168.8809921	18.41940272
27.225	174.9041567	17.80354963
27.275	145.3821402	16.74168961
27.325	177.0601041	18.3595552
27.375	169.6176005	18.13787618
27.425	173.9684282	17.59868967
27.475	192.7048051	18.84934652
27.525	194.845398	18.66224495
27.575	179.8403487	18.29399738
27.625	169.668923	18.40522069
27.675	205.5005929	17.95118662
27.725	179.53727	17.60313905
27.775	165.423702	17.98192014
27.825	175.1012519	17.66643022
27.875	183.3671624	17.92976031
27.925	170.6171326	17.9467206
27.975	172.2502208	17.18158024
28.025	219.2307354	17.57968729
28.075	193.0469633	17.46454466
28.125	204.3981625	17.80343335
28.175	199.257963	17.02829132
28.225	184.564981	17.73955327
28.275	155.937271	17.39246472
28.325	194.7864058	18.24083418
28.375	206.0876246	16.92716178
28.425	184.0709137	17.33287081
28.475	200.8692261	18.61165015
28.525	165.2038831	18.1666794
28.575	190.0297366	19.06821077
28.625	166.9547365	17.64911969
28.675	188.7997482	18.94848457
28.725	174.7097465	18.51909579
28.775	176.1952347	18.05348707
28.825	197.5814357	17.02499732
28.875	175.9336732	17.37105794
28.925	182.5596603	17.17680929
28.975	156.8254109	15.77967109
29.025	152.0333501	14.35981944
29.075	175.5191446	15.03984726
29.125	210.4416979	14.43816855
29.175	187.6999898	14.36249892
29.225	164.2050607	14.37597136
29.275	201.0872592	14.72095752
29.325	227.5652353	14.45313811
29.375	207.5898848	13.83952372
29.425	204.8736276	14.67319281
29.475	200.8589305	14.67509479
29.525	184.1726055	15.22480253
29.575	158.5357402	15.38045887
29.625	202.5730525	18.45806864
29.675	182.1544156	18.72310658
29.725	182.2293869	18.96087493
29.775	195.1781023	18.92362151
29.825	203.6782778	18.05797787
29.875	184.1436313	18.6505105
29.925	213.4498889	17.99715422
29.975	170.7472837	18.87580171
30.025	172.329168	17.93138278
30.075	190.2199444	18.05107772
30.125	181.1721409	18.61460173
30.175	161.2671039	18.0469742
30.225	147.4345114	18.07652768
30.275	156.9877253	18.41762236
30.325	215.1740126	17.8559365
30.375	192.1895472	17.18540729
30.425	193.4724476	18.15535204
30.475	174.3554785	18.48451915
30.525	186.7163034	18.71878989
30.575	192.9798418	18.73458439
30.625	166.1175721	17.62965541
30.675	191.1639847	18.41497649
30.725	167.0716106	18.02149245
30.775	204.4408708	19.2783606
30.825	185.6405485	18.20560563
30.875	172.3593175	17.61774477
30.925	170.7626568	18.0772907
30.975	187.5248023	18.6372722
31.025	196.4639614	19.26720346
31.075	147.6051332	19.0170603
31.125	165.7328815	18.46454932
31.175	170.6881956	18.6246496
31.225	175.7556581	17.81892541
31.275	167.752739	18.66312055
31.325	163.0240015	19.23183467
31.375	163.577235	18.21123407
31.425	186.4690741	18.21101439
31.475	186.1816168	17.94040651
31.525	200.303576	17.46940785
31.575	170.1806586	18.24048539
31.625	174.7743162	16.62436769
31.675	183.484881	15.29155523
31.725	190.4669822	15.40187897
31.775	194.8276331	14.63984283
31.825	173.9135536	14.61293936
31.875	180.7738971	15.32242544
31.925	180.2635887	15.01032377
31.975	183.5041465	14.44070472
32.025	169.8924729	14.18566471
32.075	171.8832921	15.07123798
32.125	196.5115503	15.08270622
32.175	220.5539264	15.91377529
32.225	162.278175	15.55400422
32.275	159.7192672	19.38126539
32.325	191.5635584	18.89177263
32.375	214.5236293	20.55187421
32.425	176.2235085	19.88305365
32.475	207.584223	21.30878038
32.525	211.8258574	20.51572309
32.575	244.0776361	20.96799328
32.625	220.5308985	20.17840923
32.675	209.0224367	19.66973754
32.725	192.9694193	19.90641012
32.775	246.9570865	19.99440401
32.825	166.2898132	19.98401448
32.875	210.9801511	19.10453074
32.925	174.6087386	19.04751102
32.975	189.2546133	19.92428321
33.025	197.2285985	19.75456161
33.075	223.9360525	19.28304899
33.125	214.4732273	18.69842044
33.175	253.376097	19.103827
33.225	205.0792994	19.46787912
33.275	241.602809	18.6864442
33.325	269.4050011	20.19119498
33.375	284.5862369	19.6864943
33.425	284.2568197	20.40189631
33.475	292.2903338	20.85828395
33.525	293.5370045	20.14429869
33.575	318.4107258	21.84152761
33.625	336.9372951	22.92204511
33.675	348.5008094	22.48631257
33.725	358.7422448	22.96979778
33.775	396.1191263	23.20448492
33.825	405.2758302	23.75508586
33.875	371.9587195	23.56477183
33.925	374.1564373	22.52109564
33.975	354.8808985	23.08537031
34.025	315.8862718	22.5637985
34.075	278.8958817	21.3435383
34.125	296.6957175	20.64879629
34.175	289.6679181	21.84150848
34.225	293.7944975	20.72283656
34.275	261.6446133	20.01443563
34.325	239.5952791	16.7100102
34.375	243.4874678	16.86777022
34.425	213.9356873	16.62131464
34.475	234.7169475	16.88935083
34.525	264.8732421	16.29879983
34.575	232.2371909	15.66877201
34.625	211.9609622	15.86964778
34.675	243.4063023	16.01324585
34.725	241.9516451	16.6300496
34.775	222.265958	15.90199966
34.825	209.1780575	16.40578403
34.875	208.2361502	15.16780381
34.925	218.5873901	16.14105313
34.975	246.4844431	15.92566249
35.025	194.6659457	19.53258752
35.075	189.3881601	20.21736657
35.125	240.5585477	21.04536341
35.175	259.1515449	20.02422691
35.225	264.4664956	21.16325372
35.275	231.0338408	20.53873924
35.325	227.5809872	20.64444628
35.375	170.3140004	21.05433246
35.425	193.4253986	21.55864842
35.475	201.5934046	20.96412217
35.525	190.7097495	20.44122006
35.575	242.689461	21.08809768
35.625	206.5787046	20.48687286
35.675	233.2270896	21.59528692
35.725	203.8900897	20.49730175
35.775	226.2294338	19.11952465
35.825	207.5410866	20.28527337
35.875	189.7539158	21.19151623
35.925	179.5260682	20.46623723
35.975	192.4498133	20.64498037
36.025	182.1609794	19.12830922
36.075	221.5598232	20.35980143
36.125	183.2045737	19.48337495
36.175	189.6725556	19.73734293
36.225	224.1619611	20.32561934
36.275	194.8032574	20.12129098
36.325	200.6170664	19.75331518
36.375	219.0906987	18.76920009
36.425	190.9911817	19.63828266
36.475	188.6727812	20.06678798
36.525	222.486679	20.74151285
36.575	187.9103669	19.66014572
36.625	183.9065929	20.71505321
36.675	193.3694187	20.83480256
36.725	193.1375411	20.35500573
36.775	242.5886221	20.05320931
36.825	182.1600354	20.72306407
36.875	232.0682053	20.05327795
36.925	216.5376182	21.54194256
36.975	266.6442841	18.8769387
37.025	244.0081458	18.61242931
37.075	295.6166461	19.11586653
37.125	230.2409786	17.95050668
37.175	259.7852148	18.59341335
37.225	304.6887129	18.70035058
37.275	287.9614688	18.31550523
37.325	313.9737448	19.00322376
37.375	262.0191519	18.13353387
37.425	229.3159201	17.63022205
37.475	229.3329756	17.52289877
37.525	211.3036677	17.56013395
37.575	204.7752403	17.13344345
37.625	216.8332674	17.22032753
37.675	203.0932837	21.63596039
37.725	204.620878	20.50580418
37.775	174.9669134	21.42808579
37.825	167.9926868	20.18611134
37.875	183.7084681	21.5285313
37.925	172.0150909	21.21356229
37.975	164.6458775	20.73690452
38.025	175.1360896	20.60872657
38.075	173.7272671	21.95426952
38.125	178.7623568	20.30040644
38.175	207.345203	19.88726773
38.225	195.8687233	20.68981678
38.275	153.8311471	21.90867389
38.325	184.389098	20.91229607
38.375	156.7510793	23.24562519
38.425	197.9426809	22.01561798
38.475	155.0882483	22.15950926
38.525	150.6254056	21.55275767
38.575	163.8105703	21.24027215
38.625	166.2483937	20.27169194
38.675	167.9236645	20.9825149
38.725	176.0287857	19.4718711
38.775	157.2817425	20.25037037
38.825	146.935099	20.44439013
38.875	175.2243647	21.00964449
38.925	210.0681464	20.84085302
38.975	149.2762268	20.77966
39.025	191.8954563	20.75174481
39.075	199.5924093	21.24645553
39.125	173.8117359	19.10423219
39.175	165.4903905	21.38925557
39.225	154.1101598	21.13850042
39.275	186.0740833	20.50684286
39.325	185.6915376	20.00084809
39.375	175.9504292	20.37986042
39.425	224.7115487	20.93762212
39.475	191.4059128	20.42489958
39.525	175.1372212	21.68293864
39.575	157.0171571	21.16289638
39.625	166.6395191	22.20349837
39.675	168.1093313	23.60824474
39.725	187.6580703	21.09700895
39.775	169.4683635	20.20295127
39.825	185.2111986	21.06725246
39.875	212.8757426	22.06277007
39.925	192.6848058	21.5212026
39.975	190.0803059	21.11456751
40.025	192.4782839	19.86201023
40.075	204.3972479	19.27224087
40.125	165.6393868	18.23137498
40.175	179.8504379	18.00000244
40.225	213.2260507	17.46861819
40.275	180.8884901	17.75172678
40.325	188.5813263	17.09261973
40.375	169.03205	21.14065109
40.425	157.7661295	20.34051997
40.475	194.9120013	21.35878566
40.525	145.9788969	21.12072917
40.575	167.9476467	20.65317237
40.625	175.9309316	21.88440606
40.675	151.1084748	21.40353449
40.725	190.6034448	20.93440743
40.775	188.8704138	20.04655086
40.825	163.3420515	20.5874381
40.875	178.9885397	21.08334679
40.925	178.9907094	20.35132538
40.975	122.0572154	20.93488009
41.025	161.8193367	20.35057931
41.075	177.789189	19.33978503
41.125	184.036748	20.67844713
41.175	189.7423491	20.00836317
41.225	219.0202968	20.27605717
41.275	177.7272733	20.6877581
41.325	141.0190841	20.34291727
41.375	176.0450602	20.48705472
41.425	177.5520963	20.31237823
41.475	160.766426	19.9756238
41.525	162.5959117	20.60816024
41.575	212.515382	20.07903962
41.625	173.8794133	20.15456568
41.675	195.2945381	21.62843235
41.725	173.3615464	20.41223262
41.775	179.0410869	20.3058858
41.825	192.7864175	21.04804488
41.875	158.87697	21.4893888
41.925	185.2449616	21.23968817
41.975	195.0196632	21.65808353
42.025	188.9783618	22.23626056
42.075	233.5904301	22.08416485
42.125	168.0556479	22.23404859
42.175	139.6109152	23.20784117
42.225	191.3619602	21.6987753
42.275	202.8553151	21.38170565
42.325	187.8490911	20.89578805
42.375	178.185679	20.31809928
42.425	174.2682815	18.71816557
42.475	201.4808075	17.62019024
42.525	165.3786529	17.20861343
42.575	227.3907279	15.81581587
42.625	155.6595735	17.4684528
42.675	193.3712034	17.32995958
42.725	201.7324972	16.31268346
42.775	169.9344078	17.15018419
42.825	226.6964189	16.87011137
42.875	183.6434379	17.34801034
42.925	212.8293888	17.49053545
42.975	222.0594158	17.59232397
43.025	221.8752742	20.49954935
43.075	245.9307257	21.7751593
43.125	230.2853226	20.74355766
43.175	254.7154076	20.28780566
43.225	234.4561438	22.51648113
43.275	258.8936192	20.55467383
43.325	236.2393497	21.20907529
43.375	247.0561457	22.12633955
43.425	228.3074598	20.47195043
43.475	242.0630236	20.95833144
43.525	232.164534	20.03821767
43.575	205.7520929	20.01483137
43.625	215.4805422	19.98122246
43.675	218.9178278	20.10164534
43.725	228.3792873	19.4717658
43.775	196.0064443	19.17292237
43.825	208.9090116	19.59284266
43.875	195.7446645	19.64141171
43.925	210.7041808	18.83766205
43.975	158.0952437	18.56860672
44.025	204.4412177	18.86802948
44.075	178.7848008	18.5407784
44.125	168.7391343	19.60147902
44.175	187.9684963	19.61122395
44.225	195.2522364	18.85524712
44.275	163.4724792	18.9122868
44.325	173.5166874	19.26987355
44.375	170.8276667	18.18033622
44.425	202.8821113	18.03788809
44.475	165.8981147	18.4455354
44.525	196.018636	18.61633516
44.575	170.8240873	16.64695183
44.625	193.6804577	17.60005307
44.675	156.9249611	18.79002609
44.725	174.5914977	17.01087143
44.775	171.2028435	18.7629721
44.825	188.7123513	18.57091207
44.875	182.9335255	18.78810219
44.925	167.2672296	20.32339553
44.975	188.0570601	17.76468442
45.025	175.4412448	18.53018654
45.075	156.5749985	18.39299388
45.125	196.6067944	16.49419115
45.175	184.0041178	14.9134738
45.225	196.5374836	15.43121991
45.275	190.066494	15.74401198
45.325	174.7860688	15.37913905
45.375	189.2513129	15.13826415
45.425	195.0258859	15.44830294
45.475	203.9299694	15.8664795
45.525	186.3171373	15.70498804
45.575	174.0718555	15.41440837
45.625	198.4893193	15.64870713
45.675	213.8175895	15.74620822
45.725	209.4584202	15.94001341
45.775	219.2507835	18.98041135
45.825	180.2446785	20.44602903
45.875	235.359267	19.62865294
45.925	226.7416903	20.05460569
45.975	258.8974944	20.98481144
46.025	252.388356	22.21291576
46.075	254.9753302	21.39471372
46.125	230.2711972	22.04560443
46.175	248.9255835	21.66890023
46.225	256.3745998	18.97953229
46.275	245.5270512	20.87745543
46.325	250.8105951	19.60826419
46.375	223.7323824	19.99997279
46.425	232.5427229	19.26378758
46.475	210.4573436	19.28779821
46.525	223.3466885	18.76807145
46.575	166.3160742	18.42453187
46.625	185.6562389	19.10137479
46.675	209.1167088	18.30976039
46.725	181.6044296	18.91298705
46.775	177.7547514	19.13229196
46.825	189.4121392	18.51350805
46.875	213.6151498	19.66657074
46.925	183.6575999	18.37544659
46.975	190.1533308	19.3627033
47.025	186.481885	18.77203107
47.075	203.4434003	17.7705636
47.125	189.5587665	18.29161564
47.175	187.3891582	18.1780747
47.225	217.5361704	18.63291046
47.275	201.3044006	17.95999014
47.325	195.3618704	18.88179231
47.375	207.3037852	18.80049724
47.425	199.4056128	18.69909806
47.475	184.5726019	17.85155979
47.525	201.8952513	18.84444526
47.575	144.1437465	18.71531824
47.625	187.639093	18.15772194
47.675	204.0665129	18.05335829
47.725	175.5441917	18.66319448
47.775	219.2300486	19.08242895
47.825	202.6058256	16.12671799
47.875	208.4618332	15.40247656
47.925	202.0802866	15.64190691
47.975	214.2596016	15.30341546
48.025	215.3624351	16.16817515
48.075	215.7621055	15.12865196
48.125	215.7216525	16.02018861
48.175	215.3410683	15.43834658
48.225	194.8518037	15.47113881
48.275	239.0541541	15.65768003
48.325	242.3771673	15.78820083
48.375	202.4080858	16.10612222
48.425	212.8102041	15.65150546
48.475	186.3286015	18.68916289
48.525	169.3748517	19.62077187
48.575	234.8617181	19.33374331
48.625	189.5961509	18.17672784
48.675	190.2938138	18.7101169
48.725	188.5641008	17.51247202
48.775	264.9546501	19.04669539
48.825	230.1595418	19.17273244
48.875	198.6179619	18.83627286
48.925	201.702265	19.07373168
48.975	227.3588724	18.91077632
49.025	215.8497054	20.0449049
49.075	240.2464274	19.42133102
49.125	193.4312036	19.03731881
49.175	174.7452351	18.66849188
49.225	212.6834269	19.9027742
49.275	212.0553279	19.59085296
49.325	173.1300102	18.73627573
49.375	223.5568139	19.62502516
49.425	224.9957229	17.53667253
49.475	210.7475918	20.72669661
49.525	200.5113409	19.9111496
49.575	204.4480814	20.6850313
49.625	226.0379201	18.7775514
49.675	196.1665237	18.73552465
49.725	185.044406	19.62208766
49.775	213.994686	19.05880296
49.825	196.6972692	19.70301286
49.875	215.8000627	19.37793354
49.925	223.0134068	20.6527446
49.975	178.7402091	20.20472629
50.025	191.8426588	19.38691363
50.075	182.2227174	19.20829658
50.125	196.8917268	19.2224054
50.175	210.355351	20.09232899
50.225	206.6860889	19.14094297
50.275	187.3965934	18.98121239
50.325	225.3823406	19.9522603
50.375	214.6834462	18.9569141
50.425	215.5922263	20.45001596
50.475	181.4928597	18.68501988
50.525	212.7584827	15.77794124
50.575	197.739781	15.87525036
50.625	230.3923643	16.24723659
50.675	226.5078297	16.03578789
50.725	230.5766046	16.22011027
50.775	215.7996929	16.10513521
50.825	210.994624	16.43559136
50.875	223.2743523	16.3344048
50.925	209.6574931	16.3944638
50.975	223.0778634	16.19260564
51.025	194.3999785	16.39951898
51.075	209.132149	15.94278934
51.125	236.0521155	16.19875361
51.175	217.7204879	20.09407827
51.225	230.9306932	20.66971527
51.275	187.1402787	19.65763959
51.325	203.2450499	20.0573908
51.375	235.2173869	20.80082486
51.425	243.627674	20.17274254
51.475	224.8273337	19.5268649
51.525	199.3015636	19.957257
51.575	230.0385543	20.07888679
51.625	184.8811054	19.09376177
51.675	220.9772343	20.24830301
51.725	199.6643666	18.20037308
51.775	231.8890791	18.98556296
51.825	218.8857301	19.82110513
51.875	240.280496	19.90472709
51.925	206.5686003	18.9804486
51.975	192.4973881	19.23969595
52.025	192.7956677	19.43289747
52.075	196.4022956	19.44597414
52.125	212.082614	20.0961091
52.175	234.2020019	19.86079149
52.225	212.1341774	17.54688888
52.275	223.0330454	18.79464792
52.325	225.6176761	18.81644642
52.375	195.9616628	19.61573947
52.425	194.9765235	18.49219093
52.475	215.7135166	18.99662484
52.525	198.8281687	18.67830768
52.575	219.6370499	18.60445443
52.625	218.0233478	18.84384628
52.675	173.1016108	20.15593879
52.725	202.8044829	19.47820392
52.775	211.217867	19.95407149
52.825	167.4807293	19.96426146
52.875	192.2106616	20.39285414
52.925	197.3675838	19.56705306
52.975	190.7747015	19.05069441
53.025	181.6344415	19.77805632
53.075	220.4248418	20.57654379
53.125	174.2562649	22.95367045
53.175	218.2718876	25.32524454
53.225	205.177316	22.697709
53.275	173.115397	25.71806868
53.325	142.9761628	30.42809896
53.375	207.6996454	34.99891826
53.425	271.5214698	39.97179611
53.475	180.9064856	45.23159157
53.525	210.0796618	48.30302884
53.575	179.621197	49.0085673
53.625	251.5887737	48.21050291
53.675	243.0133434	44.7857072
53.725	158.4194834	40.4691177
53.775	110.3096783	34.43220275
53.825	126.9944967	28.67024952
53.875	246.6150744	30.02139265
53.925	159.4775012	24.41387176
53.975	203.2207326	21.91151588
54.025	193.4958366	20.29374955
54.075	185.3337274	18.66012143
54.125	190.4164534	18.7071845
54.175	144.2889959	19.13036894
54.225	195.1761726	19.45152247
54.275	193.846338	17.57701441
54.325	173.8861647	18.81689348
54.375	183.2802372	18.28722988
54.425	183.374714	17.61913924
54.475	191.3452008	18.11466035
54.525	194.1460111	18.19790483
54.575	207.7925439	17.63506626
54.625	160.546183	18.77467196
54.675	165.2623552	17.94492986
54.725	177.0117018	17.87681411
54.775	185.1851275	18.05077687
54.825	174.9224332	19.6614941
54.875	205.6938138	17.53731455
54.925	162.3701372	18.20144289
54.975	175.073152	19.00761382
55.025	185.1585791	18.92422265
55.075	183.8234452	17.92854033
55.125	156.233994	19.19420001
55.175	184.1642673	17.70278461
55.225	213.2034675	18.94138632
55.275	202.7079811	18.17409715
55.325	201.4351998	19.8355548
55.375	195.9368016	20.76516447
55.425	183.9206554	20.11681949
55.475	221.2231981	20.17980826
55.525	217.6953132	19.70982286
55.575	230.2028344	18.91181546
55.625	184.3398251	19.75965868
55.675	193.5049418	18.15587885
55.725	197.7019875	19.65669374
55.775	216.2223258	18.02330569
55.825	204.3034733	18.4994937
55.875	216.3933199	19.09334417
55.925	199.2163025	16.3798967
55.975	208.3992402	15.28301873
56.025	213.3327165	15.40777147
56.075	197.5287188	15.12067259
56.125	233.6652385	15.53724973
56.175	216.8859658	14.3515792
56.225	219.097723	14.70812581
56.275	187.7900237	15.40931265
56.325	215.2729521	15.25123191
56.375	240.6504175	16.40827584
56.425	218.3479869	14.97065761
56.475	206.8307588	14.45864688
56.525	209.9395486	14.92790896
56.575	224.2956121	19.48928543
56.625	226.605859	20.08075174
56.675	195.9341316	19.35313095
56.725	207.6906296	18.96218119
56.775	200.1349791	19.50776331
56.825	210.7238475	19.08325316
56.875	227.2900886	19.19926417
56.925	199.9562718	18.38690706
56.975	188.5866607	18.00874461
57.025	188.4014821	19.56179558
57.075	228.2256905	19.92212582
57.125	197.2070413	18.98335052
57.175	184.0438892	20.45915233
57.225	200.0833582	18.75801931
57.275	235.6065338	19.33555408
57.325	268.4273804	20.43542721
57.375	219.820994	19.93790965
57.425	210.0359961	18.3689662
57.475	230.4908098	18.94891388
57.525	214.5337584	18.91515748
57.575	193.3999948	18.25333876
57.625	211.3540367	18.62494031
57.675	209.800313	18.7132667
57.725	204.6814159	18.83366346
57.775	202.2418846	18.76173089
57.825	239.1585896	19.23217432
57.875	191.3742089	18.90083934
57.925	228.3200839	17.9806992
57.975	260.3919602	18.63966106
58.025	197.0599256	19.47869132
58.075	212.8350642	18.73744798
58.125	194.4657215	19.03349013
58.175	192.7489734	20.05571159
58.225	199.2655428	18.7415169
58.275	193.6858673	19.28836972
58.325	203.5967782	19.74123857
58.375	194.4655125	20.09344518
58.425	237.2131752	20.59938534
58.475	238.5464688	19.39960722
58.525	221.4965835	18.93291234
58.575	232.0333719	18.47963199
58.625	178.4847168	15.38517598
58.675	175.7097814	15.65554232
58.725	192.9894596	14.9909448
58.775	226.791957	15.26720238
58.825	210.2813572	14.82304647
58.875	234.4214107	14.28610087
58.925	206.7590858	15.07409402
58.975	213.6812776	14.3182285
59.025	204.9405163	14.47390567
59.075	194.4208386	15.22224262
59.125	204.9043804	14.24444382
59.175	203.491888	14.88867533
59.225	213.8931895	14.69392449
59.275	216.1899719	18.28075303
59.325	190.9814963	18.3752368
59.375	197.1725108	16.05979735
59.425	179.1461178	18.15786246
59.475	222.6953652	18.40111554
59.525	212.4753523	17.94321923
59.575	198.4235614	17.99171174
59.625	210.1273604	17.22890486
59.675	191.3716456	17.8859867
59.725	179.4325275	17.1338668
59.775	198.8173741	16.43592545
59.825	224.8811958	17.57494412
59.875	180.9308925	16.13325266
59.925	146.3898682	17.05089738
59.975	201.5195249	16.77702509
60.025	188.7000837	17.19299463
60.075	193.7240677	17.57737943
60.125	163.3304884	16.58317144
60.175	181.1194406	16.02794985
60.225	210.2601595	17.26650913
60.275	171.0165514	17.08907066
60.325	197.4649118	15.73537818
60.375	174.7619067	15.11212563
60.425	228.7592502	15.80182564
60.475	171.4439934	15.58205028
60.525	185.6462184	17.06934359
60.575	182.5682292	15.3205286
60.625	184.1179619	16.54090047
60.675	181.6985996	16.42828502
60.725	208.0076078	16.25712094
60.775	209.8381017	16.51921623
60.825	189.8599508	16.28753302
60.875	202.7155779	16.47080516
60.925	219.2919776	17.17494614
60.975	191.1831703	16.3166095
61.025	161.9580097	16.00331058
61.075	173.5060476	17.13442517
61.125	193.3754318	17.48217671
61.175	205.2422274	16.06296782
61.225	181.553719	15.78899913
61.275	194.1396823	14.15307529
61.325	215.0100189	14.07580947
61.375	183.1596726	14.08899584
61.425	197.3467362	14.53624612
61.475	192.7487406	14.84405497
61.525	173.7277477	15.5504668
61.575	186.5188721	16.75594502
61.625	178.9812858	17.57487072
61.675	164.0980308	19.39889445
61.725	178.7103474	21.41758218
61.775	143.7886199	25.51347289
61.825	129.095725	29.87397722
61.875	258.4006311	36.64360213
61.925	168.4416232	43.35410412
61.975	76.34230987	64.27133718
62.025	177.4571775	76.14883846
62.075	55.39352882	86.69520503
62.125	151.8733692	98.39676434
62.175	132.2631246	104.6337774
62.225	203.9665971	107.6417681
62.275	251.2305848	104.2150829
62.325	330.2957368	94.97548597
62.375	111.4035526	87.45222687
62.425	167.4851471	74.28670421
62.475	311.6591367	63.54006776
62.525	263.2628875	52.56407635
62.575	192.1036345	42.11710872
62.625	177.9187641	33.30440228
62.675	208.4751132	27.55779399
62.725	181.4525418	22.96820969
62.775	194.5728071	21.43985057
62.825	183.1910096	19.1150227
62.875	204.7029867	18.60232253
62.925	195.5697186	18.55025593
62.975	178.6090067	18.27161923
63.025	219.2680549	17.59944042
63.075	218.3300592	17.97124307
63.125	183.5185782	18.15229867
63.175	187.2086021	17.06175252
63.225	198.2045415	16.64621893
63.275	170.7097558	16.26894172
63.325	164.8068619	17.9026062
63.375	177.8395864	16.79677392
63.425	175.9216781	16.92979224
63.475	210.8115224	16.55512546
63.525	201.3684499	16.84892544
63.575	237.0970256	16.96680904
63.625	180.7103217	17.03408526
63.675	190.7288352	16.72537455
63.725	192.7106581	17.12575834
63.775	176.7220281	17.32653383
63.825	161.9011757	16.38021301
63.875	174.8520881	17.17004959
63.925	206.3479047	17.28865826
63.975	165.5013322	14.3044383
64.025	188.6228269	13.72953368
64.075	177.5917847	13.63008846
64.125	179.3780093	13.24534123
64.175	176.5492631	13.25151791
64.225	189.5917861	13.00725456
64.275	203.4984307	13.04533339
64.325	191.0105593	12.69443572
64.375	157.6077656	13.33566191
64.425	180.9718873	13.48213722
64.475	194.3973278	13.17473678
64.525	192.1799862	13.75092372
64.575	181.4525192	12.55997475
64.625	189.4986371	13.5005747
64.675	192.1376169	16.57679605
64.725	177.4360913	16.91316476
64.775	187.4887742	16.77248843
64.825	193.8979377	17.78412875
64.875	172.5896853	16.97928416
64.925	143.6334188	18.98788975
64.975	166.0341943	17.84758436
65.025	207.0789998	18.6668463
65.075	177.2994884	16.65774522
65.125	166.0005503	17.84214527
65.175	184.7427823	17.94106419
65.225	191.404609	16.91808684
65.275	199.7323945	16.71977202
65.325	216.3049832	16.53573505
65.375	206.6017504	17.54089913
65.425	204.3761987	17.37421961
65.475	185.3983639	15.85980755
65.525	180.7256625	15.68743519
65.575	205.4973073	16.01494145
65.625	199.6521989	17.41968995
65.675	209.292879	16.65102015
65.725	192.2571323	17.41994564
65.775	147.9642156	16.68205035
65.825	197.3906551	15.87134884
65.875	204.2577463	15.1357117
65.925	203.8690199	16.05371081
65.975	240.3382345	17.00032923
66.025	194.8372908	16.93133497
66.075	195.0520966	15.95279316
66.125	222.6037059	15.9462729
66.175	195.6331737	16.72212762
66.225	218.5243218	17.0202373
66.275	206.6966995	16.05008061
66.325	175.9791534	16.957961
66.375	236.5991449	17.77700805
66.425	220.1861956	18.31256368
66.475	237.9545551	16.17961253
66.525	231.4678233	17.09177097
66.575	240.4310705	17.71045127
66.625	213.4810538	16.82779644
66.675	230.9059884	14.80991196
66.725	192.6782013	14.51532
66.775	233.1037776	14.24389796
66.825	222.9528025	14.33826
66.875	189.032479	13.11204015
66.925	177.5841004	14.44704114
66.975	166.4854784	12.82508785
67.025	185.0912055	13.86144409
67.075	181.2264185	13.51570342
67.125	218.2159069	13.83195148
67.175	183.6513932	14.86628619
67.225	162.6058667	13.75395901
67.275	186.1532658	13.34759194
67.325	195.7707899	15.85571311
67.375	185.3232149	16.76554267
67.425	153.9471122	16.84130577
67.475	165.7500923	17.58203092
67.525	193.9091343	16.83743883
67.575	193.4182137	17.09734977
67.625	179.2242093	16.79338469
67.675	182.3467395	16.16062921
67.725	186.6813128	17.66264505
67.775	198.0175828	17.67643615
67.825	184.7244176	18.5229435
67.875	168.6997706	17.70726508
67.925	209.1886872	18.30853337
67.975	173.659804	18.87547972
68.025	199.2137709	18.3649093
68.075	195.897277	20.261633
68.125	212.394266	18.73839307
68.175	181.5455795	20.17851924
68.225	182.5101104	20.65941784
68.275	172.6683102	20.98594978
68.325	151.479995	21.04146058
68.375	209.9698089	19.15993728
68.425	212.3161761	18.95146186
68.475	194.9663673	18.47139773
68.525	196.1323948	19.61739959
68.575	199.8990977	18.505927
68.625	172.6207755	17.54120789
68.675	179.6176689	17.06510055
68.725	182.3005369	17.2715978
68.775	189.5525903	15.69614456
68.825	179.0650026	15.99217998
68.875	210.9789558	15.07568287
68.925	217.8414057	17.14594737
68.975	183.9365044	16.65354489
69.025	180.5804332	16.32904468
69.075	163.0000669	16.67021126
69.125	214.6497029	16.1140584
69.175	197.2368356	16.65563765
69.225	215.0642797	15.1567631
69.275	187.7137216	15.90268344
69.325	204.4029688	15.7384774
69.375	187.9970245	13.579633
69.425	211.6518866	12.32027051
69.475	189.6131871	12.95783815
69.525	194.98966	12.95455117
69.575	184.5847539	13.51827783
69.625	208.1343081	12.87025649
69.675	198.6954176	13.49339406
69.725	189.9680407	12.78982474
69.775	198.7537792	13.82753379
69.825	209.6275712	12.93111282
69.875	201.0552387	13.4428032
69.925	175.2133971	13.06671768
69.975	197.7049825	13.68101501
70.025	169.6553261	16.86667013
70.075	175.9280063	17.59665422
70.125	209.9832747	16.78826177
70.175	210.0958056	18.02134103
70.225	182.0659046	18.22151239
70.275	192.6181068	17.65280396
70.325	205.552799	17.77621713
70.375	218.7923197	17.1968866
70.425	183.6814806	18.70015407
70.475	258.3996638	18.40273473
70.525	195.4270108	17.67191952
70.575	186.4564473	18.79193009
70.625	180.6171701	17.53138634
70.675	208.8211	17.7322472
70.725	183.6016905	17.48254065
70.775	184.709219	16.33935407
70.825	236.8238502	17.12350343
70.875	202.6698602	16.54236582
70.925	183.4415828	16.62491968
70.975	175.3405421	17.16168026
71.025	164.1498817	16.12054774
71.075	205.2986089	17.40874995
71.125	201.0692168	16.13166256
71.175	205.3666415	17.475842
71.225	190.6993592	17.98522334
71.275	188.798607	17.22776184
71.325	200.2939558	17.10655828
71.375	199.9557217	16.37460489
71.425	200.5095214	16.53255621
71.475	206.203762	17.69060813
71.525	195.5245417	17.63392604
71.575	173.1035248	18.36666483
71.625	201.487532	18.89025743
71.675	213.8178785	18.94349308
71.725	206.745695	17.8247199
71.775	207.0559385	20.37590774
71.825	131.6202596	20.52234974
71.875	188.5329162	23.47687812
71.925	222.9792207	22.83336274
71.975	198.7932321	25.32100781
72.025	187.6765889	27.38825596
72.075	198.8358509	29.82520003
72.125	220.3314404	26.62875566
72.175	178.1503626	25.52830164
72.225	173.4712553	27.10261062
72.275	205.5474577	28.33559456
72.325	197.5535501	28.83624907
72.375	229.9954138	31.57109182
72.425	216.9724296	33.07483541
72.475	178.7975262	34.33417291
72.525	158.1762421	36.75928251
72.575	173.4439861	37.84522449
72.625	168.2352686	38.68444211
72.675	232.7778592	39.8217957
72.725	134.7567078	47.39621545
72.775	150.74554	50.08747695
72.825	187.4908958	52.54236
72.875	170.4233142	57.29203354
72.925	250.6382155	63.04389935
72.975	330.0173141	71.78589705
73.025	155.962183	83.11908485
73.075	259.4787008	96.01911229
73.125	300.356449	107.4247406
73.175	416.4497867	117.0916682
73.225	358.406959	125.164578
73.275	157.0454601	128.5600933
73.325	245.6915382	126.7476933
73.375	279.8047221	122.1213175
73.425	183.3529162	113.6463081
73.475	239.0628079	102.5204503
73.525	219.9047545	91.95666584
73.575	282.3945713	76.71249299
73.625	165.3598935	64.29975052
73.675	179.1857504	51.65005757
73.725	240.6061407	44.21716151
73.775	178.4228455	34.98322805
73.825	227.6228653	29.24787264
73.875	203.4402392	25.70055365
73.925	217.2480791	23.14252133
73.975	172.3923136	22.65621156
74.025	190.9324805	21.113894
74.075	183.01693	20.03286446
74.125	221.8843584	19.44290331
74.175	215.5665359	18.38580577
74.225	158.6499481	18.77550314
74.275	176.2501329	19.20033229
74.325	194.060832	18.58737693
74.375	165.1607903	19.48958798
74.425	232.6653548	18.6137048
74.475	215.9647098	18.50206199
74.525	212.8679682	18.0348614
74.575	190.3397745	17.24022383
74.625	177.3912995	17.76034428
74.675	182.7912006	17.50492233
74.725	188.9328408	16.90209795
74.775	181.5968749	14.78764581
74.825	196.1182413	14.14028786
74.875	209.064347	13.93460307
74.925	184.2553019	14.07471409
74.975	183.1767497	14.1837703
75.025	201.4942066	14.12881855
75.075	177.1402183	13.39919035
75.125	213.5866715	13.27629476
75.175	206.5661536	13.66740999
75.225	196.8590924	13.94014012
75.275	189.7698144	13.54184436
75.325	209.9606818	13.83075601
75.375	193.4386367	12.47957661
75.425	171.8056003	16.28830463
75.475	175.7753418	15.31694787
75.525	205.4987681	16.28667837
75.575	190.5816559	16.43182625
75.625	209.7880353	15.7076036
75.675	153.8705148	16.76473004
75.725	217.6375625	16.0325757
75.775	177.0045704	15.3457456
75.825	209.2036429	16.24273112
75.875	176.6458576	15.72261074
75.925	195.0007365	15.79155971
75.975	199.0071794	15.78004112
76.025	213.2464994	15.91413196
76.075	177.0652797	16.53777094
76.125	191.234702	16.39246677
76.175	203.5423562	15.76480198
76.225	189.0625198	16.05850195
76.275	209.5544259	15.6788138
76.325	211.0380146	16.21266003
76.375	196.5060851	16.0433519
76.425	205.458302	14.68897113
76.475	221.8194906	16.20092348
76.525	235.5417767	15.55430139
76.575	196.942955	16.3937223
76.625	202.3073999	15.17082811
76.675	206.1701044	16.36689475
76.725	185.5137777	16.48894606
76.775	201.0757027	15.40640623
76.825	188.1659327	15.63437886
76.875	192.1483403	14.69025593
76.925	200.4007162	16.03517207
76.975	166.4448204	15.46076572
77.025	200.3368789	16.30799367
77.075	186.5635214	16.37059136
77.125	216.2168992	15.79384049
77.175	212.932514	14.61321216
77.225	195.4799468	15.52553749
77.275	184.9430633	16.0031694
77.325	217.1478139	16.00104965
77.375	210.1574647	15.86127853
77.425	178.5319454	16.4181094
77.475	221.5427421	14.00824328
77.525	235.5224358	13.08151996
77.575	213.939534	12.65353905
77.625	187.6485656	12.37780506
77.675	202.9628877	12.41386691
77.725	213.6106239	12.662408
77.775	203.625589	12.7529501
77.825	216.8118275	13.01121434
77.875	203.1793526	12.8716342
77.925	194.8253603	12.37148938
77.975	203.2799781	12.85199887
78.025	204.0716767	12.72853189
78.075	198.4258755	12.94832688
78.125	199.813361	12.91227862
78.175	178.6211905	15.69163512
78.225	169.1596913	16.18657734
78.275	231.4388708	16.59028911
78.325	194.5441693	15.3608526
78.375	188.9848551	16.27005838
78.425	212.4555424	16.17143902
78.475	251.6035864	15.57738685
78.525	251.4039612	14.96606052
78.575	197.3932867	16.31315006
78.625	227.5954378	16.46546536
78.675	206.5055307	15.56427573
78.725	235.1125443	15.39843935
78.775	190.9626309	15.47598311
78.825	225.8844555	15.55014618
78.875	222.7817652	16.18584034
78.925	218.9820814	14.97909939
78.975	233.359505	15.81308445
79.025	197.7279327	16.21518059
79.075	215.0431115	15.28445397
79.125	201.7911967	15.74381874
79.175	219.5774842	14.75281751
79.225	197.2741161	15.40200897
79.275	208.0872357	14.53146268
79.325	200.9954776	14.32995039
79.375	190.7136708	15.88657151
79.425	210.6399222	14.99792612
79.475	233.6759605	13.95479181
79.525	193.6171714	15.1382295
79.575	205.3089796	13.67999857
79.625	189.9175445	15.28507912
79.675	193.530836	15.50541569
79.725	192.0305788	15.05192136
79.775	216.2519286	14.85500761
79.825	225.8803856	14.1051416
79.875	212.1986286	14.19985585
79.925	186.8611188	13.99740402
79.975	177.3023135	14.48288158
80.025	212.8342716	14.50755193
80.075	175.007351	14.49288644
80.125	190.251353	14.40803227
80.175	197.6686348	13.31566681
80.225	196.7817813	11.38102509
80.275	171.7406554	11.39049624
80.325	174.4800183	11.86477832
80.375	183.2255325	10.65291831
80.425	195.4861683	11.46062476
80.475	187.0321332	10.58010369
80.525	203.7488085	12.03095064
80.575	200.2422699	11.57713722
80.625	198.9565162	11.64691614
80.675	183.1840655	11.03615319
80.725	210.214665	11.46243995
80.775	196.4194124	11.33643658
80.825	193.9963058	13.93704567
80.875	210.4868909	13.80170488
80.925	185.5990013	14.46594269
80.975	188.155822	13.88804746
81.025	184.9257397	14.5514479
81.075	198.3663038	13.79690121
81.125	231.4801863	15.31877357
81.175	197.2553786	14.708045
81.225	175.1892348	14.78504315
81.275	169.3182476	14.63681262
81.325	192.4779941	15.37030269
81.375	208.1810473	14.92243423
81.425	201.3577675	14.42852473
81.475	192.7007329	15.45878986
81.525	201.9047006	14.93836316
81.575	185.6146294	14.79764448
81.625	221.0551329	15.83040631
81.675	231.0793803	15.98589112
81.725	193.2256964	13.97792861
81.775	204.6303452	14.89306971
81.825	204.2900395	14.57339769
81.875	195.2897805	15.09714288
81.925	238.138459	13.72199617
81.975	195.2039192	15.20132056
82.025	191.8886091	13.65070908
82.075	210.0683435	14.24062544
82.125	197.3898924	14.11919267
82.175	203.9838616	14.28414553
82.225	238.8869456	15.28375982
82.275	193.2059836	13.22198685
82.325	220.0183095	16.26942623
82.375	205.2488691	15.15050916
82.425	231.2798141	14.2518688
82.475	200.1164776	15.04318462
82.525	209.3091227	14.71195256
82.575	192.6993149	14.46987763
82.625	226.7302701	15.85503168
82.675	216.4067463	15.47811915
82.725	203.5379741	15.12303041
82.775	225.8086181	15.13155882
82.825	200.0518105	13.84235074
82.875	231.9772269	14.29422584
82.925	226.5791032	12.9083491
82.975	207.795939	11.82134522
83.025	200.8431695	12.35004181
83.075	219.2146969	12.47459105
83.125	211.9191287	13.16447291
83.175	224.5708067	11.81944324
83.225	205.1961438	11.64227099
83.275	199.216526	12.00839471
83.325	209.7599775	11.5483125
83.375	205.5601351	11.61113795
83.425	187.1530229	11.93554863
83.475	209.4085118	11.97993659
83.525	197.6439002	15.98671475
83.575	214.0149658	14.14141339
83.625	197.1504788	14.58318222
83.675	234.1243296	15.23281655
83.725	192.6723342	14.58726869
83.775	196.7720481	14.9905071
83.825	228.5458475	15.87783068
83.875	188.4403795	15.18119863
83.925	195.9297606	14.74294364
83.975	206.3580293	15.86893105
84.025	198.1305708	13.6435859
84.075	205.6410452	15.18701951
84.125	225.4777766	15.49634275
84.175	219.1404202	14.52359524
84.225	201.3189728	15.54109779
84.275	199.084476	15.8596931
84.325	230.609422	15.77125106
84.375	182.4536145	14.69973638
84.425	200.060887	14.61495638
84.475	172.7474152	15.88768592
84.525	181.6181611	13.66502617
84.575	211.3959436	15.20334459
84.625	210.3447085	13.95142826
84.675	177.2608844	14.60986728
84.725	203.4185854	14.24570205
84.775	192.6512503	15.195705
84.825	193.529353	14.31452503
84.875	214.6537851	13.99017112
84.925	192.8243239	14.35139377
84.975	199.5819608	14.79608494
85.025	210.5092488	14.27104401
85.075	211.2658516	15.30420323
85.125	218.4251023	14.85303542
85.175	179.7780463	14.26582394
85.225	202.3669808	14.76738863
85.275	201.2381712	15.56210713
85.325	209.385615	15.34722779
85.375	178.4283406	13.67577509
85.425	216.6928671	14.87999817
85.475	198.8042426	14.44240776
85.525	182.2743638	16.52491192
85.575	187.8886813	13.93595644
85.625	215.3646924	13.22425436
85.675	204.4240426	13.91632537
85.725	187.3254023	14.32321525
85.775	218.7849172	14.05969748
85.825	184.0976165	14.67196193
85.875	163.8825527	14.21849218
85.925	187.3644275	14.24762173
85.975	185.2440696	15.2613699
86.025	182.4276648	14.30554346
86.075	181.1606374	14.42481815
86.125	206.0622423	14.35053826
86.175	193.1659737	14.25449864
86.225	206.5812757	14.66420016
86.275	197.886162	17.52095536
86.325	173.0242359	17.52418266
86.375	186.6119498	17.16037581
86.425	182.4145468	16.78163359
86.475	174.5484166	15.81348486
86.525	183.0298108	16.63357491
86.575	196.8491002	15.5075364
86.625	200.6678812	15.35907973
86.675	224.5925359	15.46157825
86.725	195.2676336	13.96267187
86.775	211.6166372	14.75623804
86.825	198.9154873	13.83505173
86.875	194.169858	14.75604021
86.925	186.1225343	15.67133066
86.975	206.711195	14.26964958
87.025	218.8518156	14.4447915
87.075	178.6454795	14.18303263
87.125	219.9582621	15.1282122
87.175	219.2293308	14.52850702
87.225	180.0610258	14.64095863
87.275	208.2195006	14.61053129
87.325	194.7788699	14.09225636
87.375	211.3487589	14.41097422
87.425	226.0839395	15.16182831
87.475	188.4830098	14.9930306
87.525	194.1759965	14.35718677
87.575	231.056959	13.62955554
87.625	205.1773294	15.5879075
87.675	211.1941736	15.71084673
87.725	216.9725778	14.68174507
87.775	186.2136783	14.7593917
87.825	197.7879975	14.53533643
87.875	221.8807321	12.71956526
87.925	239.2533657	14.77556608
87.975	212.2738885	16.16782955
88.025	227.3201036	14.81063487
88.075	230.1349309	15.45913131
88.125	218.6031554	14.98374262
88.175	221.2706204	14.70151952
88.225	203.4455575	14.72230147
88.275	234.8335452	12.59146981
88.325	228.7447077	11.84818606
88.375	217.0637796	12.72127389
88.425	240.3038434	12.36847085
88.475	208.5538854	12.25125173
88.525	215.1791664	12.20821519
88.575	226.9389396	12.14811378
88.625	221.8640351	12.55207289
88.675	232.2483639	11.84764936
88.725	240.7160823	12.09179196
88.775	216.0813027	12.43572996
88.825	219.0004181	12.58337905
88.875	218.9020035	12.43301926
88.925	209.9968114	12.82282405
88.975	230.648923	14.68448785
89.025	227.0356164	15.12446066
89.075	233.5535058	15.3182773
89.125	195.7666008	13.980485
89.175	229.2549349	14.13091016
89.225	226.9664899	14.172032
89.275	207.0789575	14.43341346
89.325	225.6527882	14.61996498
89.375	210.4844477	14.35763113
89.425	205.1082608	13.99884442
89.475	201.4611025	14.14324106
89.525	229.8527177	14.77531937
89.575	230.0020255	13.88846245
89.625	202.6002172	14.93452387
89.675	227.3688906	14.52225279
89.725	208.0600203	13.18804149
89.775	216.0985858	14.48429517
89.825	188.6529826	13.97515607
89.875	210.4186957	15.37435882
89.925	218.9593789	14.66028421
89.975	213.5053652	14.75707371
90.025	205.530893	13.62977621
90.075	205.489125	14.3108674
90.125	204.5137947	14.58074305
90.175	191.3014122	14.21311243
90.225	201.5655553	14.32128254
90.275	213.9173881	14.57716698
90.325	193.6907663	13.82727268
90.375	195.1610976	14.4160312
90.425	225.0535402	14.16520351
90.475	211.9041194	14.69816848
90.525	217.2725922	14.9958087
90.575	165.6989512	14.87956675
90.625	191.6666003	15.42699355
90.675	221.424762	14.06850151
90.725	200.8669145	14.31364128
90.775	188.0735999	14.75468196
90.825	212.5648288	14.52292005
90.875	207.3389962	14.23197275
90.925	210.8574204	12.1157074
90.975	196.5002645	11.36987632
91.025	207.5477999	11.5876101
91.075	199.6557952	10.73558308
91.125	196.6312991	10.94942058
91.175	182.8791599	11.67172049
91.225	202.6576888	11.60478691
91.275	201.8545475	10.48455808
91.325	194.5319825	11.50275383
91.375	215.2824938	10.85769536
91.425	188.7356903	11.31593976
91.475	197.0392158	11.2336545
91.525	209.4952142	10.75245568
91.575	190.9748676	11.45020799
91.625	195.8814973	13.68235685
91.675	185.5627039	14.20897509
91.725	209.3808139	13.78806659
91.775	180.4379551	13.59013089
91.825	207.4662019	12.47566747
91.875	223.7383666	13.95269247
91.925	203.7563188	14.11426835
91.975	185.8477325	12.89481808
92.025	190.7803846	13.09551795
92.075	193.0725962	13.17990085
92.125	221.7735907	12.68880537
92.175	208.2193467	12.46429122
92.225	189.0031036	13.58716825
92.275	183.9583759	13.630078
92.325	224.6214351	14.23085792
92.375	193.9641955	13.99011835
92.425	189.9852982	13.34246581
92.475	195.261458	12.64162189
92.525	194.7138667	11.91433715
92.575	193.6727303	12.95906882
92.625	199.5531735	13.662361
92.675	185.0779628	12.97891367
92.725	198.1886265	13.27128457
92.775	184.1699994	12.84416975
92.825	202.7517204	13.49502343
92.875	179.9016411	13.22667717
92.925	192.6877338	11.40290423
92.975	181.0174159	13.55328993
93.025	203.3842853	13.00701385
93.075	201.6361195	13.34363327
93.125	193.8508082	13.17937354
93.175	202.2770144	12.52992487
93.225	195.9788387	12.70578233
93.275	202.4274984	12.78634077
93.325	160.3927462	13.91533413
93.375	232.8058372	13.11104351
93.425	191.4929785	12.88896499
93.475	224.0613646	12.3112534
93.525	176.4908621	12.93263032
93.575	201.0976417	14.17892852
93.625	213.4649149	13.63130612
93.675	198.9869472	10.93890986
93.725	207.8013925	10.49109437
93.775	187.5421773	11.03129291
93.825	188.172771	11.26462683
93.875	188.7502768	12.04770931
93.925	210.1721612	11.2691304
93.975	197.5106822	10.48709326
94.025	195.6840689	10.66697025
94.075	212.5289635	11.32358159
94.125	198.5208153	11.23283048
94.175	212.7095229	11.08407551
94.225	214.7042567	11.32245297
94.275	190.9478051	10.49827053
94.325	190.8616437	13.80614478
94.375	196.0299361	13.06575606
94.425	199.4076297	13.10663619
94.475	204.044749	14.41219222
94.525	202.5798487	14.05459869
94.575	173.0693214	13.37748392
94.625	210.3706029	13.47481551
94.675	211.5871369	13.73387707
94.725	183.3072721	13.76466374
94.775	174.5073913	13.62910625
94.825	197.7011326	13.65468982
94.875	203.170045	12.77726883
94.925	170.7801877	13.78024318
94.975	195.0059356	13.62164112
95.025	182.5349691	13.5601223
95.075	179.3800623	13.30273736
95.125	169.61581	12.86342433
95.175	200.4299423	14.32566023
95.225	198.3687937	13.42563651
95.275	201.2682174	13.21946772
95.325	182.8705298	13.82476592
95.375	203.0534383	12.37500424
95.425	190.9103405	14.94032941
95.475	177.5028585	14.72510202
95.525	192.1152872	14.86636041
95.575	177.0061274	15.51247981
95.625	193.7829151	15.86216922
95.675	180.3528933	15.73615277
95.725	217.7382222	17.7468673
95.775	204.7683586	19.59088134
95.825	204.4299176	18.65633983
95.875	171.9050896	20.4896244
95.925	187.3964539	23.12153294
95.975	193.6009986	24.21776469
96.025	198.8967969	25.6330349
96.075	225.5202748	27.57696908
96.125	125.8742764	28.72576294
96.175	165.5000003	29.20430771
96.225	213.2808531	29.20191303
96.275	187.7236251	29.86034335
96.325	169.2612163	24.79659519
96.375	218.8753384	23.91851787
96.425	200.96368	23.61279554
96.475	204.902211	21.84024551
96.525	186.6473164	21.15607849
96.575	195.226207	19.63473945
96.625	238.4393277	18.07083482
96.675	206.6940909	16.73980693
96.725	210.2529242	15.44675829
96.775	191.3382101	14.2955836
96.825	176.6375412	14.39229763
96.875	200.9566858	13.25343079
96.925	187.7131966	11.65782864
96.975	182.5789949	15.00383452
97.025	177.4087027	15.13315323
97.075	195.3405744	14.32429145
97.125	199.2640474	14.08054482
97.175	205.4321409	13.31383003
97.225	185.6237671	12.82781297
97.275	170.426858	14.42942576
97.325	209.3642267	15.23558789
97.375	221.0940231	13.26791085
97.425	189.3705833	13.36320413
97.475	183.7748771	13.20126907
97.525	199.7140313	14.62478061
97.575	210.4160507	13.64185866
97.625	226.9967632	13.37725901
97.675	211.9129016	13.36868411
97.725	198.4964316	14.04073714
97.775	158.8385225	14.31428241
97.825	191.9473328	13.95583088
97.875	189.5813417	13.25984231
97.925	201.8667324	13.48731839
97.975	201.5880587	14.02929914
98.025	219.1110592	13.26695533
98.075	219.9352035	14.2477806
98.125	212.2830428	13.77640276
98.175	185.8529629	14.21210289
98.225	200.6201977	13.71510849
98.275	208.4695859	13.05831082
98.325	188.6631299	13.19425163
98.375	153.4903664	14.25121395
98.425	179.2160489	13.34334998
98.475	190.2530051	14.24140847
98.525	210.0588284	13.16234654
98.575	202.3243336	13.44960672
98.625	211.0530979	13.46389352
98.675	184.8320637	14.36115709
98.725	187.9740711	14.04312158
98.775	202.1505305	14.56614791
98.825	171.2862248	13.9464272
98.875	207.7180088	14.15070654
98.925	198.3559125	14.74450265
98.975	191.6982068	12.95392992
99.025	218.9376655	14.14294206
99.075	173.8157849	11.73585402
99.125	175.0226981	11.05832385
99.175	186.3179588	11.61592627
99.225	209.5741883	11.13713976
99.275	190.8444855	11.73993017
99.325	192.0058978	11.04485347
99.375	198.0635304	11.29421766
99.425	188.7563537	11.25560604
99.475	187.3998525	10.73266248
99.525	195.9042569	11.70838251
99.575	186.2323082	10.42462022
99.625	223.3693923	11.70948982
99.675	203.6635857	11.55114868
99.725	184.0205416	14.10596679
99.775	212.0025684	15.23595518
99.825	200.7700629	13.09686077
99.875	190.3244111	14.09634879
99.925	175.7134561	15.16563638
99.975	186.2757189	14.07026912
100.025	183.9039128	14.0914148
100.075	212.7104287	13.13146258
100.125	190.6754938	13.34539728
100.175	216.5168175	14.74216343
100.225	196.5754156	13.11204826
100.275	198.9429818	13.85443908
100.325	192.0162542	13.52165655
100.375	216.9714666	14.09326114
100.425	201.8808858	14.60451293
100.475	201.9356755	13.89443455
100.525	215.9310063	12.70499186
100.575	214.0399449	13.7454193
100.625	185.7148701	13.63984907
100.675	207.3243347	12.28732191
100.725	199.5070993	13.81581394
100.775	197.7076009	13.87273818
100.825	205.0627958	14.46457503
100.875	218.4955093	14.24583396
100.925	207.8472448	15.24589585
100.975	177.6819204	13.96981165
101.025	182.5754136	14.16576875
101.075	196.3881081	13.15972768
101.125	235.0204445	13.7481633
101.175	229.1285607	14.66767977
101.225	192.3036169	13.29515577
101.275	187.6221583	14.42497109
101.325	186.3268145	13.85843359
101.375	203.638131	15.12143716
101.425	181.775429	15.13561895
101.475	183.762542	14.57330677
101.525	190.8170461	15.82803929
101.575	169.922947	14.45906358
101.625	192.845352	14.81921465
101.675	186.6803253	13.32707515
101.725	231.3343566	14.02020507
101.775	211.3073295	11.2770483
101.825	187.3008758	12.13789461
101.875	217.2292706	10.87111854
101.925	204.929677	11.35544067
101.975	189.2952263	11.76022596
102.025	221.4938377	10.81167656
102.075	205.7301602	11.36214156
102.125	195.5981497	11.42976899
102.175	183.885014	11.12839518
102.225	175.9101235	10.86249311
102.275	214.3993671	11.27810437
102.325	182.5703668	11.54784567
102.375	188.7702761	13.38993557
102.425	214.4739576	12.93812572
102.475	175.9427392	13.72512897
102.525	205.6451224	13.51045081
102.575	214.6754055	12.33092876
102.625	210.3562099	14.25008321
102.675	198.8084654	13.62996137
102.725	188.8277215	12.82950357
102.775	174.5559162	13.85737871
102.825	204.8077086	12.92279156
102.875	182.6274259	13.28191725
102.925	212.8056465	13.57350339
102.975	175.0553724	13.68209185
103.025	198.0666562	13.75753575
103.075	214.8746516	13.59706863
103.125	188.8289141	13.23889015
103.175	193.707989	13.50907774
103.225	186.3409004	13.20119686
103.275	200.0166427	13.35874317
103.325	206.7859551	12.89103255
103.375	194.143221	13.27139649
103.425	220.7829662	12.74201777
103.475	190.5919275	14.25613702
103.525	194.1761368	13.72252628
103.575	214.3956912	13.74871772
103.625	214.5330719	14.04298233
103.675	213.0342532	13.36409594
103.725	198.232778	12.94535182
103.775	204.321887	13.92533781
103.825	200.5002076	14.68982919
103.875	198.4370922	12.6631698
103.925	185.015098	12.55134587
103.975	174.8157943	12.93100185
104.025	175.4790835	13.22624581
104.075	217.9225006	13.3010592
104.125	197.3182065	13.40362277
104.175	189.1416751	14.82796039
104.225	184.1291457	12.32689058
104.275	208.6578569	13.87113929
104.325	205.3931325	13.10986287
104.375	207.3412959	13.15987164
104.425	184.7821752	13.3403592
104.475	223.5666116	11.59385063
104.525	196.7196055	11.24910218
104.575	189.1093441	11.47826694
104.625	201.9236374	12.10249466
104.675	196.7280349	11.17889645
104.725	206.588779	10.94795351
104.775	186.4452918	11.41485184
104.825	210.0383688	11.67637716
104.875	203.0452961	10.89591068
104.925	197.2627647	11.19799922
104.975	203.4825393	11.17372855
105.025	189.919028	12.12275848
105.075	213.2314081	11.17769041
105.125	187.9551462	14.62668434
105.175	205.2979589	14.29835236
105.225	208.0162581	14.65027829
105.275	164.8671149	15.14692884
105.325	194.3983235	14.38306727
105.375	191.893365	13.19551196
105.425	198.0423063	15.23376668
105.475	193.3270315	13.86689816
105.525	194.8024115	14.3018273
105.575	179.7625297	14.68817197
105.625	195.9386364	12.91284655
105.675	197.8345834	13.57086514
105.725	223.1056257	14.78541575
105.775	186.5944029	13.24769716
105.825	208.2182002	13.95442965
105.875	183.8832629	14.15795127
105.925	204.7176613	14.06659198
105.975	186.2210474	13.3432122
106.025	189.5867887	12.70711379
106.075	199.7915529	13.49324597
106.125	191.2524913	14.27604756
106.175	188.8488204	15.2338649
106.225	201.1678255	13.72417065
106.275	168.7421528	13.98527612
106.325	204.5704977	13.43525334
106.375	205.3399261	13.99768737
106.425	201.6355907	14.29998768
106.475	188.7548947	14.20587721
106.525	189.4647755	13.50724662
106.575	196.4189207	14.25781155
106.625	212.5123205	13.72014151
106.675	197.4102916	15.24089474
106.725	198.8457193	14.54770661
106.775	204.897913	15.06955742
106.825	202.6010427	14.91167604
106.875	169.5846116	15.35613823
106.925	206.5622959	14.63111715
106.975	212.5930615	14.61443309
107.025	202.0389387	13.63203602
107.075	197.1383905	15.10167216
107.125	200.6482148	15.13407137
107.175	189.3602404	12.58617059
107.225	214.5846265	12.4282276
107.275	205.5308284	12.21480973
107.325	168.3793923	12.47997168
107.375	198.1065316	11.41118608
107.425	203.0034765	12.68233128
107.475	196.9274056	11.91140639
107.525	195.2001038	12.25077125
107.575	197.5372229	12.37265922
107.625	202.2070586	12.5587097
107.675	208.460442	11.82009793
107.725	198.3450353	11.71079061
107.775	194.283535	13.15569927
107.825	181.5809467	16.377885
107.875	212.4079445	17.01098863
107.925	184.4900448	15.564185
107.975	196.2069354	15.28863605
108.025	190.0570259	15.96110193
108.075	184.431117	15.0127383
108.125	186.0008893	15.73960106
108.175	208.1158525	15.76645501
108.225	213.4939009	15.58197329
108.275	195.4083259	14.63243244
108.325	215.9432718	15.26187587
108.375	213.2683878	15.48408154
108.425	161.387563	13.9686962
108.475	190.058658	15.02935258
108.525	199.7880397	14.83228575
108.575	187.2804214	15.13051447
108.625	196.2281133	14.6154078
108.675	211.2347919	16.02317752
108.725	201.3546218	14.93210788
108.775	198.537626	14.28485751
108.825	221.4780139	15.04032367
108.875	205.8196329	15.8793707
108.925	225.5956679	15.96657633
108.975	193.7336552	15.79094401
109.025	212.8133275	15.5036132
109.075	201.902804	15.75728688
109.125	220.9239872	15.6866061
109.175	179.2709012	14.74849914
109.225	212.8221105	14.84969121
109.275	195.9062262	15.87790906
109.325	180.1877691	15.93189224
109.375	204.7940183	15.70388362
109.425	248.3129721	15.87786971
109.475	209.379746	16.34024294
109.525	201.4385754	14.99796613
109.575	195.5083739	16.88856997
109.625	166.0348808	15.48358967
109.675	190.479488	16.71160074
109.725	197.3186655	14.63837286
109.775	217.5263127	15.91616804
109.825	187.5345456	13.42730834
109.875	181.5621997	12.70049493
109.925	188.8789214	12.54073372
109.975	207.0472433	12.8507423
110.025	181.4863288	12.0814919
110.075	208.7698641	13.50736968
110.125	201.2982703	12.93456751
110.175	212.6542702	11.99652384
110.225	206.3523703	12.80475205
110.275	201.1364012	12.54457422
110.325	196.7925865	13.73951006
110.375	208.3573875	12.59550069
110.425	188.078959	12.39150989
110.475	187.8059973	13.19147524
110.525	211.5726084	16.05509268
110.575	202.6354878	14.74889094
110.625	227.3402207	15.93634969
110.675	205.4047023	15.52882576
110.725	193.601675	15.11176756
110.775	185.8585779	16.59754386
110.825	197.6553011	14.45119555
110.875	209.0255964	14.71178606
110.925	181.2718356	14.89425502
110.975	174.5197252	14.25732412
111.025	172.8218664	15.36202753
111.075	186.5026681	15.69151468
111.125	219.7985187	15.91675781
111.175	184.9166063	16.8667312
111.225	209.6269569	15.72433437
111.275	210.9271873	15.64261049
111.325	174.6897635	15.83331082
111.375	194.7793298	15.91215993
111.425	197.6124651	15.39393543
111.475	172.547938	15.26142269
111.525	179.8145463	16.56878977
111.575	194.3002785	15.64850165
111.625	198.0229384	16.54695043
111.675	185.3940832	17.51867211
111.725	186.8100696	17.09195175
111.775	177.790584	15.84821279
111.825	203.5352237	15.90010311
111.875	176.0727459	16.67954699
111.925	199.3247797	16.43355393
111.975	211.2747332	16.31706617
112.025	169.6264776	17.27610022
112.075	194.1311574	18.50470319
112.125	167.6997893	16.95640338
112.175	192.6581091	15.75983957
112.225	189.8378114	15.97729279
112.275	198.7926229	17.00879014
112.325	201.6852251	17.68820413
112.375	193.3917937	17.96998899
112.425	175.3313184	19.30830718
112.475	206.886405	18.83226473
112.525	207.0583739	18.56770766
112.575	186.3531727	16.82281693
112.625	195.698494	16.79920738
112.675	218.2635102	17.18110559
112.725	229.278427	17.94124548
112.775	216.8612506	18.11826662
112.825	209.3722201	18.05794727
112.875	215.0258165	19.48086804
112.925	193.8602875	21.03775675
112.975	222.4382765	21.57913817
113.025	239.1047591	22.69842511
113.075	195.1667891	22.76387823
113.125	196.2869687	23.97475923
113.175	185.7931474	25.04905668
113.225	215.62776	29.37477163
113.275	253.6858182	31.32714281
113.325	245.1314902	31.88969611
113.375	213.2034715	31.27329932
113.425	214.7306303	32.56805365
113.475	178.9791657	32.04109716
113.525	195.8651939	32.14700865
113.575	211.9097261	31.69051456
113.625	179.8475303	32.55702618
113.675	235.0158086	33.43741148
113.725	169.262913	32.46185779
113.775	172.963275	31.26598666
113.825	158.2980388	32.88148022
113.875	214.0635225	32.46646306
113.925	193.4097377	33.45081597
113.975	156.6561584	36.06611012
114.025	215.9279102	36.82682715
114.075	198.7439566	37.96427459
114.125	190.4153523	40.23068255
114.175	160.0560152	43.76568014
114.225	221.7822032	46.19328632
114.275	215.963692	50.32202748
114.325	116.5741923	54.24616387
114.375	137.8652514	56.51793994
114.425	184.8556973	60.76628673
114.475	182.2505119	64.81784029
114.525	214.5947397	70.78732853
114.575	133.4597921	74.7974802
114.625	183.1903052	82.16998726
114.675	74.94699574	89.09325233
114.725	282.1667649	97.45547954
114.775	32.43504583	102.2906332
114.825	222.7267196	110.35831
114.875	241.6807521	118.1382939
114.925	257.3493052	124.0128312
114.975	226.1896103	130.8005479
115.025	135.076359	137.4440199
115.075	97.47751119	139.3717149
115.125	368.7242733	141.1723311
115.175	214.7636934	144.9488638
115.225	402.3380472	147.0222884
115.275	274.8137267	122.9658862
115.325	26.32667862	117.9572416
115.375	295.7631081	116.9345823
115.425	196.6582492	114.5802649
115.475	-17.6640091	112.5752273
115.525	331.2453336	107.1553915
115.575	246.6303193	102.7321544
115.625	252.9390509	96.38747932
115.675	335.6890126	90.58307761
115.725	205.8565108	84.8095725
115.775	207.5229032	79.35064915
115.825	184.8893242	72.49880291
115.875	215.8402672	81.89840522
115.925	39.38874212	75.68056174
115.975	228.9356209	69.93459859
116.025	204.0607529	62.31701045
116.075	246.155158	57.94007903
116.125	136.5915142	52.21183735
116.175	169.2496997	46.73684896
116.225	173.3671256	42.4605893
116.275	197.4721531	36.07054893
116.325	211.8555486	33.89664802
116.375	203.3623811	30.79942882
116.425	172.3724073	29.6592385
116.475	180.08549	28.69722584
116.525	193.9339222	26.77920971
116.575	181.3777633	26.57606761
116.625	222.6535094	25.2874517
116.675	181.0927359	24.26653272
116.725	195.2035941	23.41652783
116.775	197.9248352	21.70435773
116.825	167.9761764	21.55758631
116.875	220.4203497	21.92968022
116.925	219.1044011	21.85441207
116.975	205.3693035	20.26924367
117.025	164.2801499	21.34075674
117.075	212.381718	19.74776772
117.125	196.3175009	20.02239678
117.175	211.1163318	19.68276585
117.225	192.8090235	20.32841354
117.275	221.0755849	18.48630328
117.325	190.0648726	18.74770747
117.375	161.8616463	18.86798827
117.425	194.6782352	18.81841649
117.475	215.2153757	19.4024883
117.525	232.6325188	18.79471083
117.575	203.879675	18.40166297
117.625	177.0298823	17.06438639
117.675	177.1160771	17.42052057
117.725	172.7276796	17.05466047
117.775	175.4532117	17.42779978
117.825	200.7842484	17.18928765
117.875	202.2757579	17.47455846
117.925	177.5095557	14.43779722
117.975	194.0087541	14.65897504
118.025	213.7655713	13.2631507
118.075	196.7914628	13.89070147
118.125	199.1866671	14.08164596
118.175	199.9804592	13.61767195
118.225	212.8685922	14.34185221
118.275	215.0850068	13.01854611
118.325	201.9139167	13.44470965
118.375	202.9652385	13.05504188
118.425	154.3560169	14.26302569
118.475	215.3523727	13.61880389
118.525	216.6056921	12.74071852
118.575	187.7575456	12.82760423
118.625	207.3935023	15.75171961
118.675	229.1552454	16.22794068
118.725	181.9048566	17.19209176
118.775	224.2944957	15.66850209
118.825	221.091722	17.02911232
118.875	229.637039	15.41446274
118.925	232.3290338	16.66959597
118.975	194.3014496	16.46580746
119.025	191.7121029	17.24930077
119.075	176.292162	15.41707035
119.125	225.1845899	16.86787774
119.175	213.458492	16.42415789
119.225	207.0333474	16.9149824
119.275	173.6492398	16.55792106
119.325	205.8187232	18.07737473
119.375	164.2570532	15.53177129
119.425	185.4683831	17.15179358
119.475	185.4542442	15.83991236
119.525	166.9826422	16.39083699
119.575	189.8169016	16.0860998
119.625	226.6851669	15.80255201
119.675	193.4689959	16.69291329
119.725	233.4429529	16.74045753
119.775	210.2161043	16.3959447
119.825	227.6827171	15.96226874
119.875	192.7586055	16.18854245
119.925	174.7704803	15.29155407
119.975	209.6010856	15.41730572
120.025	203.4852495	17.23244061
120.075	213.2082686	16.92121619
120.125	170.3653473	16.71761117
120.175	189.1237695	16.20508319
120.225	220.4161756	15.97155399
120.275	190.6096687	15.13268953
120.325	188.2278639	16.05893073
120.375	215.1444142	16.89638486
120.425	235.8327035	16.78229947
120.475	180.6388546	16.81288616
120.525	189.0709193	16.73661082
120.575	199.2319885	15.35083025
120.625	202.8820313	16.9485336
120.675	185.6356391	16.26076821
120.725	195.4314293	16.30595706
120.775	193.8455942	16.45237768
120.825	201.1911477	16.05936416
120.875	189.8518364	16.45190521
120.925	203.6037691	16.88246972
120.975	146.7550838	16.41455295
121.025	188.9565162	15.55058063
121.075	218.4597708	15.68844869
121.125	211.5586944	15.93572483
121.175	172.5147385	16.50861941
121.225	174.0120705	17.35740229
121.275	174.1796762	16.59107585
121.325	186.9850147	23.10972822
121.375	209.067481	25.51604465
121.425	208.4532675	20.94686997
121.475	180.636974	20.16525219
121.525	203.8254329	22.35251693
121.575	181.9730117	22.39069016
121.625	210.1087756	22.89300157
121.675	188.9560133	23.11274446
121.725	196.2673023	21.39286671
121.775	182.8087973	22.38954342
121.825	191.8076358	23.02713668
121.875	189.0976925	22.17419763
121.925	221.9485105	22.44381734
121.975	174.0622369	19.12331966
122.025	178.7075111	18.92454277
122.075	195.0541912	22.25854467
122.125	215.2062579	21.5284666
122.175	172.7981599	20.02839645
122.225	219.8277828	22.82625368
122.275	176.1879586	23.93607051
122.325	232.3514941	23.68368358
122.375	172.839771	23.58269558
122.425	189.875763	20.89124174
122.475	218.0571655	24.03707955
122.525	212.9241759	22.66936562
122.575	173.5984846	20.08723961
122.625	181.6648163	22.65600429
122.675	200.1498485	21.44962601
122.725	179.0184542	22.03161214
122.775	196.016759	18.89581983
122.825	213.4872946	22.27057454
122.875	233.1061502	20.0908649
122.925	219.6271118	22.01539033
122.975	168.9809904	20.8861603
123.025	182.5075866	21.44518319
123.075	252.5727778	22.67453463
123.125	200.6329267	23.40388134
123.175	196.5702292	20.788032
123.225	209.154222	21.08038083
123.275	167.4888987	21.92736392
123.325	185.3832063	22.61107658
123.375	222.3728642	23.04871531
123.425	196.8280073	23.68697793
123.475	179.9188447	23.76291122
123.525	179.5838559	20.28110258
123.575	208.7109056	20.7749892
123.625	227.7544605	22.82386621
123.675	198.4868605	23.03021845
123.725	181.813139	21.36764227
123.775	164.781322	20.71261315
123.825	183.8634857	21.33713665
123.875	189.2434867	22.4093087
123.925	164.6885117	21.80149687